MG 2016+112    ** 1  [0.003-0.015] (MN 284,58,1997 Tbl B1;astro-ph/0106575;th23 tiny; confusing radio lens; errors: 1984 Lawrence (Science, 223, 46)
  0.0      0.0     0.0   0.0     10005000  1.0     3.27 	
  1.73     1.82    0.01  0.01
 -0.36    -1.41    0.01  0.01
 -0.32    -1.41    0.01  0.01
 -1.27     0.32    0.01  0.01 
B 0712+472     ** 2  [0.003-0.006] (CLASS; astro-ph/0111205; also Jackson et al. 1998)
  0.0      0.0     0.0   0.0     10005000  0.41    1.34
  0.013   -0.804   0.004 0.003
 -0.795   -0.156   0.003 0.003
 -0.747   -0.292   0.003 0.006
  0.391    0.307   0.006 0.003
B 2045+265     ** 3 [0.001-0.006] (CLASS; astro-ph/9811167; astro-ph/0611215; ApJ [1999]117,658); main galaxy at 0.4498 -0.6425 ? (1112.0005, McKean+2007) 
  1.121   -0.824   0.005 0.005   12005070  0.87    1.28
 -0.288   -0.789   0.001 0.001
  0.0      0.0     0.0   0.0
 -0.134   -0.248   0.001 0.001
  1.628   -1.007   0.006 0.006
B 1933+503 lobe  ** 4 [0.01]  (time order of VLA comp: 5,2a,2b,7) Nair MNRAS, 301, 315 (1998)
  0.0      0.0     0.0   0.0     10005000  0.76    2.63 
 -0.531   -0.497   0.005 0.005
  0.171    0.414   0.005 0.005
  0.051    0.420   0.005 0.005
  0.398   -0.134   0.005 0.005
SLACS J2300+002 ** 5 [made up] (FSB 0710.3159; figure 6.60 in SLACS paper V)
  0.0      0.0     0.0   0.0     10305008  0.2285  0.4635
 -0.125    1.475   0.03  0.03
 -0.275   -1.075   0.03  0.03
 -0.575   -0.925   0.03  0.03
  0.125   -1.075   0.03  0.03
MG 0414+0534   ** 6 [0.003]
 -0.472   -1.277   0.003 0.003   10005000  0.96    2.64 
  0.0      0.0     0.0   0.0             
  0.600   -1.942   0.003 0.003
  0.732   -1.549   0.003 0.003
 -1.342   -1.650   0.003 0.003
SLACS J1636+470 ** 7 [made up] (FSB 0710.3159; figure 6.58 in SLACS paper V)
  0.0      0.0     0.0   0.0     10005000  0.2282  0.6745
 -0.075    1.725   0.03  0.03
  0.875   -0.625   0.03  0.03
  1.075   -0.275   0.03  0.03
 -0.775   -0.425   0.03  0.03
HS 0810+2554   ** 8 [0.003-0.012]
  0.451    0.143   0.012 0.005   10005000  0.000   1.50 	
  0.774   -0.257   0.003 0.003
  0.0      0.0     0.0   0.0
  0.087   -0.163   0.003 0.003
  0.610    0.579   0.003 0.003
B 1555+375     ** 9 [0.001-0.006] Marlow+ (1999) AJ 118, 654; mentioned in ApJ,2002,571,712
 -0.174   -0.145   0.026 0.015   10005000  0.000   9.99
 -0.412   -0.028   0.001 0.001
  0.0      0.0     0.0   0.0
 -0.073    0.048   0.001 0.001
 -0.162   -0.368   0.006 0.006
PG 1115+080    ** 10  [0.003-0.004]  (Miranda & Jetzer; 0709.3722 contains no data)
  0.381   -1.344   0.003 0.003   10005000  0.31    1.72 	
  0.0      0.0     0.0   0.0
  1.328   -2.034   0.003 0.003
  1.477   -1.576   0.004 0.003
 -0.341   -1.961   0.003 0.003
J 100140.12+020  040.9 ** 11 [0.001-0.006] (Jackson et al. 0806.3693)
  0.0      0.0     0.0   0.0     10005000  0.000   9.99
  0.858    0.430   0.002 0.002
 -0.7255   0.471   0.001 0.001
 -0.444    0.692   0.006 0.006
 -0.189   -0.657   0.003 0.003
SDSS J1330+1810 ** 12 [0.03-0.04] (Oguri et al. 0809.0913)
  0.24     0.97    0.03  0.03    10005000  0.373   1.393
  1.30     1.19    0.03  0.03
  0.       0.      0.0   0.0
  0.42    -0.01    0.03  0.03
 -0.24     1.58    0.04  0.04
SLACS J1205+491 ** 13 [made up] (FSB 0710.3159; figure 6.38 in SLACS paper V)
  0.0      0.0     0.0   0.0     10305008  0.2150  0.4808
  1.475   -0.325   0.03  0.03
 -0.875    0.575   0.03  0.03
 -0.525    0.925   0.03  0.03
 -0.825   -0.475   0.03  0.03
B 1422+231     ** 14  [0.003-0.004]
  0.742   -0.656   0.003 0.004   12005070  0.34    3.62 
 -0.336   -0.750   0.003 0.003
  0.385    0.317   0.003 0.003
  0.0      0.0     0.0   0.0
  0.948   -0.802   0.004 0.003 
WFI 2026-4536  ** 15 [0.003-0.012]
 -0.074   -0.798   0.012 0.008   10005000  0.000   2.23
  0.0      0.0     0.0   0.0
  0.163   -1.428   0.003 0.003
  0.416   -1.214   0.003 0.003
 -0.572   -1.042   0.003 0.003
CLASS B1359+154  ** 16 [0.003-0.024] from CASTLES (images A-D + G; astro-ph/9905043; astro-ph/9911420)   
  0.160   -0.935   0.008 0.024   10005000  0.000   3.235     
  0.0      0.0     0.0   0.0
 -0.323   -1.640   0.007 0.003
 -0.483   -1.253   0.007 0.009
  0.957   -1.357   0.008 0.008
RXJ 0911+0551  ** 17 [0.003-0.005]
 -0.698    0.512   0.004 0.005   10305008  0.77    2.80    
 -2.972    0.792   0.003 0.003
  0.260    0.406   0.003 0.003
  0.0      0.0     0.0   0.0
 -0.018    0.960   0.003 0.003
SDSS J1538+5817  ** 18 [0.05] (0912.0744; ims 1 & 4 are equidistant from center)
  0.0      0.0     0.0   0.0     10005000  0.1428  0.5312
 -0.75     0.60    0.05  0.05
  0.95    -0.19    0.05  0.05
  0.96     0.33    0.05  0.05
 -0.15    -0.98    0.05  0.05
SDSS J125107   ** 19 [0.02-0.09] (Kayo et al. 0707.2651 modelling p.5, 7 params) 
 -1.04    -0.23    0.09  0.07    10305008  0.410   0.802
  0.       0.0     0.04  0.04
 -1.67    -0.65    0.05  0.02
 -1.40    -1.00    0.03  0.02
 -1.77     0.04    0.07  0.04
RXJ 1131-1231  ** 20 [0.003-0.008] cusp quad (very ambiguous; also see Morgan et al. 0605321)
 -1.444    1.706   0.008 0.006   12005070  0.295   0.658
  0.0      0.0     0.0   0.0
  0.618    2.307   0.003 0.003
  0.588    1.120   0.003 0.003
 -2.517    1.998   0.003 0.003
SDSS J120602.09 ** 21 [??] (0809.4475; the clone)
  0.0      0.0     0.0   0.0     12005070  0.422   2.00 
 -1.588    3.907   0.1   0.1
 -3.563   -1.907   0.1   0.1
 -4.074    0.498   0.1   0.1
  2.880   -0.791   0.1   0.1
WFI 2033-4723  ** 22 [0.003-0.009]
 -1.438    0.308   0.006 0.009   10305008  0.66    1.66
  0.0      0.0     0.0   0.0
 -2.196    1.261   0.003 0.003
 -1.482    1.376   0.003 0.003
 -2.114   -0.277   0.003 0.003
SDSS J002240    ** 23 [0.1] (8 o'clock arc astro-ph/0611138; 1202.1745)
  0.0      0.0     0.0   0.0     12000000  0.38    2.7350
  3.485    2.6     0.1   0.1
 -1.742    3.8     0.1   0.1
  0.871    4.0     0.1   0.1
 -0.290   -1.1     0.1   0.1
J 095930.94+023  427.7 ** 24 [0.005] (Jackson et al. 0806.3693)
  0.0      0.0     0.0   0.0     10305008  0.000   1.21   
 -0.925   -0.5520  0.005 0.005
  0.316    0.8495  0.005 0.005
 -0.266    0.7895  0.005 0.005
  0.752   -0.1640  0.005 0.005
HE 0230-2130   ** 25 [0.003-0.007]  discovery: Wisotzki 1999, A&A 348, L41
  0.072    1.085   0.003 0.005   12345678  0.52    2.162
  1.198    1.828   0.005 0.003
  0.0      0.0     0.0   0.0
  0.698    0.256   0.003 0.003
 -0.244    1.624   0.007 0.007
SDSS 1402+6321  ** 26 [0.1 (conservative)] (astro-ph/0410425; table 1)
  0.0      0.0     0.0   0.0     12345678  0.2046  0.4814
  0.88     1.15    0.1   0.1 
  0.0     -1.35    0.1   0.1
  0.93    -0.95    0.1   0.1
 -1.13     0.45    0.1   0.1
SDSS 0924+0219 ** 27 [0.003] (Keeton+2006)
 -0.182   -0.859   0.003 0.003   10305008  0.39    1.524
  0.061   -1.805   0.003 0.003
  0.0      0.0     0.0   0.0
  0.536   -0.427   0.003 0.003
 -0.968   -0.676   0.003 0.003
LSD Q0047-2808  ** 28 [0.01] (astro-ph/0205281 Table 3; ring modeling: 0606714)
  0.0      0.0     0.0   0.0     12345678  0.485   3.595
  1.048    0.726   0.01  0.01
 -0.126   -1.165   0.01  0.01
  0.896   -0.802   0.01  0.01
 -1.011    0.263   0.01  0.01
B 1933+503 core  ** 29 [0.01] core quad (time order of VLA comp: 1,4,3,6) Nair MNRAS, 301, 315 (1998)
  0.0      0.0     0.0   0.0     12345678  0.76    2.63
  0.447    0.495   0.005 0.005
 -0.397   -0.299   0.005 0.005 
 -0.389    0.158   0.005 0.005
  0.230   -0.387   0.005 0.005
B 1608+656     ** 30 [0.002-0.012] (center G1 has filter dependent position; error from that) 
  0.544   -1.060   0.1   0.003   12005070  0.63    1.39
 -0.7380  -1.9612  0.004 0.005
  0.0      0.0     0.002 0.002
 -0.7446  -0.4537  0.005 0.005
  1.1284  -1.2565  0.011 0.012 
SDSS 1138+0314 ** 31 [0.003]
 -0.474    0.533   0.003 0.003   12345678  0.45    2.44
 -1.184    0.812   0.003 0.003
  0.0      0.0     0.0   0.0
 -0.698   -0.056   0.003 0.003
 -0.103    0.979   0.003 0.003
Q 2237+0305     ** 32 core quad [0.003-0.004]
 -0.075    0.939   0.004 0.003   12345678  0.04    1.69 
 -0.673    1.697   0.003 0.003
  0.       0.      0.0   0.0
 -0.866    0.528   0.003 0.003
  0.635    1.210   0.003 0.003
HE 1113-0641   ** 33 [0.1] core quad  (Blackburne et al. 0710.3593; table 5; rel pos error??)
 -0.313    0.158   0.003 0.003   12345678  0.7     1.235
  0.0      0.0     0.0   0.0
 -0.518    0.424   0.003 0.003    
 -0.150    0.429   0.003 0.003    
 -0.522   -0.085   0.003 0.003   
HST 14113+5211  ** 34 [0.003-0.038] core quad   (astro-ph/9910523)
  0.0      0.0     0.0   0.0     12345678  0.46    2.81  
 -1.095    0.368   0.003 0.007
  1.132   -0.036   0.004 0.009
  0.268    0.695   0.004 0.009
 -0.118   -0.551   0.038 0.036 
H 1413+117     ** 35  [0.003] core quad (very ambiguous) [companion: 0904.0275]
  0.142    0.561   0.003 0.003   12345678  0.000   2.55
 -0.492    0.713   0.003 0.003
  0.744    0.168   0.003 0.003
  0.       0.      0.0   0.0
  0.354    1.040   0.003 0.003
HST 14176+5226 ** 36 [0.008-0.032] core quad 
  0.0      0.0     0.0   0.0     12345678  0.81    3.400
  1.288   -1.175   0.008 0.010
 -0.792    1.332   0.011 0.017
  0.880    0.879   0.024 0.020
 -0.808   -0.794   0.024 0.032
HST 12531-2914  ** 37 [0.011-0.041] (looks like a ring) core quad
  0.0      0.0     0.0   0.0     12345678  0.69    9.99
 -0.737   -0.011   0.023 0.016
  0.605   -0.339   0.038 0.011
 -0.140   -0.519   0.014 0.025
  0.166    0.454   0.041 0.015
HE 0435-1223    ** 38 [0.003-0.005] core quad (very ambiguous; 0508070 modelling p.15-17) (time delays: 1009.1473)
 -1.165   -0.573   0.003 0.003   12345678  0.46    1.689      
  0.0      0.0     0.0   0.0
 -2.467   -0.603   0.003 0.005
 -1.476    0.553   0.003 0.003
 -0.939   -1.614   0.003 0.003
SDSS 1011+0143  ** 39 [0.02-0.04] core quad (very ambiguous)
  0.0      0.0     0.0   0.0     12345678  0.331   2.701 
  1.86     0.91    0.03  0.03
 -1.55    -1.14    0.02  0.02
  0.81    -1.36    0.03  0.03
 -1.00     1.46    0.03  0.04
SLACS J0946+1006 ** 40  [0.03] (outer ring; SLACS paper VI: ApJ 677, 1046, 2008 (table 1,  S2);  arXiv:0910.0760!)
  0.0      0.0     0.0   0.0     12345678  0.2219  0.6085
 -1.51    -1.78    0.03  0.03
  1.55     1.65    0.03  0.03
 -1.34     1.32    0.03  0.03
  1.56    -1.19    0.03  0.03
GRAL113100-441959 ** GAIA [1804.11051] no z's
 -0.425   -0.742   0.001 0.001
 -1.282   -0.425   0.001 0.001
  0.345   -0.325   0.001 0.001
  0.0      0.0     0.0   0.0
 -0.343   -1.511   0.001 0.001
GRAL203802-400815 ** GAIA [1804.11051] no z's
  0.618    1.139   0.001 0.001
 -0.793    1.676   0.001 0.001
  1.515   -0.029   0.001 0.001
  0.0      0.0     0.0   0.0
  1.379    2.057   0.001 0.001
GRAL122629-454209 ** GAIA [1804.11051] no z's
  0.528   -3.19    0.001 0.001
  4.986   -2.092   0.001 0.001
 -3.066   -1.705   0.001 0.001
  0.0      0.0     0.0   0.0
  0.065   -5.453   0.001 0.001
J1606-2333  1803.07601: Grav Lensed Quasars in Gaia: II (time arrival ordered) also 2006.10066
   0.0     0.0     0.05  0.05            zs=1.69, zl=?
  -0.88    0.30    0.01  0.01
   0.76   -0.27    0.01  0.01
  -0.07   -0.60    0.01  0.01
   0.24    0.48    0.01  0.01
J1721+8842  1803.07601: Grav Lensed Quasars in Gaia: II (time arrival ordered)
   0.0     0.0     0.01  0.02                      zs=2.37, zl=?
   1.88   -1.10    0.01  0.01 
  -2.13   -0.71    0.01  0.01 
  -0.54   -1.80    0.01  0.01 
   0.06    1.69    0.02  0.02 
1805.01939 gal pos is from modeling   zs=2.16, zl=0.905?
   0.690   0.319   0.01  0.01  
   1.465   0.565   0.01  0.01  
   0.0     0.0     0.01  0.01 
   0.718  -0.379   0.01  0.01  	could be 4th arriving
   0.317   0.878   0.01  0.01  	could be 3rd arriving
B0128+437   Lagattuta+2010 (errors in B,C,D ~0.001", error in galaxy ~0.01")
   0.217  -0.104   0.01  0.01  
   0.521  -0.170   0.001 0.001  
   0.0     0.0     0.0   0.0 
   0.099   0.095   0.001 0.001 
   0.109  -0.260   0.001 0.001 
1810.01633  Sergeyev+2018 (KiDS0239-3211) perturber at (-2.57, 1.77)
   0.0     0.0     0.0   0.0               zs~1.6-2, zl~0.5
   0.36   -2.06    0.05  0.05
   0.71    1.81    0.07  0.07
   1.55    0.20    0.07  0.07
  -1.1     0.3     0.3   0.3
1702.00406  (DES J0408−5354) STRIDES: 1910.06306, COSMOGRAIL: 2018, A&A 609, A71 
  -3.31    1.48    0.09  0.09              zs=2.375,  zl=0.597
   0.0     0.0     0.0   0.0
  -6.34    1.85    0.09  0.09
  -6.43    0.75    0.09  0.09
  -3.12    2.91    0.09  0.09
1805.12151 (DES J0405-3308)  zs=1.713
-0.680     0.216   0.12  0.12 	G
  0.0      0.0     0.0   0.0 	B   probably 1st (or 2nd)
-1.211     0.674   0.04  0.04 	A   probably 2nd (or 1st)
-0.349     0.819   0.05  0.05 	C   definitely 3rd
-1.060    -0.311   0.07  0.07 	D   definitely 4th